[gd_scene load_steps=12 format=2]

[ext_resource path="res://Scripts/MoveTurnBlocks.gd" type="Script" id=1]
[ext_resource path="res://Scenes/Level Blocks Scenes/Block_50.tscn" type="PackedScene" id=2]
[ext_resource path="res://Scenes/Steine/Cliff_002.tscn" type="PackedScene" id=3]
[ext_resource path="res://Scenes/Steine/Cliff_001.tscn" type="PackedScene" id=4]
[ext_resource path="res://Scenes/Steine/Cliff_003.tscn" type="PackedScene" id=5]
[ext_resource path="res://Scenes/Steine/Felsen_004.tscn" type="PackedScene" id=6]
[ext_resource path="res://Scenes/Teile/Zaun.tscn" type="PackedScene" id=7]
[ext_resource path="res://Scenes/Teile/Mauer.tscn" type="PackedScene" id=8]
[ext_resource path="res://Scenes/Teile/Baum2.tscn" type="PackedScene" id=9]
[ext_resource path="res://Scenes/Teile/Baum1.tscn" type="PackedScene" id=10]
[ext_resource path="res://Scenes/Steine/Steine_001.tscn" type="PackedScene" id=11]

[node name="Block_50_03" type="Spatial"]
script = ExtResource( 1 )
blockOffset = 50

[node name="Block_50" parent="." instance=ExtResource( 2 )]

[node name="Cliff_002" parent="." instance=ExtResource( 3 )]
transform = Transform( -0.262199, 0, -0.965014, 0, 1, 0, 0.965014, 0, -0.262199, -3.40921, 0, -7.75397 )

[node name="Cliff_005" parent="." instance=ExtResource( 3 )]
transform = Transform( 0.141736, 0, -0.989904, 0, 1, 0, 0.989904, 0, 0.141736, 11.2477, 0, -19.8884 )

[node name="Cliff_003" parent="." instance=ExtResource( 3 )]
transform = Transform( -0.315721, 0, -0.83721, 0, 1, 0, 0.885276, 0, -0.0905418, 8.38808, 0, -6.7584 )

[node name="Cliff_004" parent="." instance=ExtResource( 3 )]
transform = Transform( 0.193105, 0, -0.761246, 0, 1, 0, 0.919839, 0, 0.360032, -1.26431, -0.851274, -20.2862 )

[node name="Cliff_001" parent="." instance=ExtResource( 4 )]
transform = Transform( -1.66771, 0, 0.605072, 0, 1.77408, 0, -0.605072, 0, -1.66771, -0.677658, 0, -25.6236 )

[node name="Cliff_006" parent="." instance=ExtResource( 5 )]
transform = Transform( -0.214374, 0, 0.976752, 0, 1, 0, -0.976752, 0, -0.214374, -3.23133, -1.90735e-006, -41.9328 )

[node name="Cliff_007" parent="." instance=ExtResource( 5 )]
transform = Transform( -0.0766596, 0, 0.997057, 0, 1, 0, -0.997057, 0, -0.0766596, 12.4894, 0, -31.4977 )

[node name="Cliff_008" parent="." instance=ExtResource( 5 )]
transform = Transform( -0.407375, 0, 1.00424, 0, 1, 0, -1.02929, 0, -0.26712, 9.53359, 9.53674e-007, -42.7401 )

[node name="Felsen_004" parent="." instance=ExtResource( 6 )]
transform = Transform( 0.517274, 0, 0.85582, 0, 1, 0, -0.85582, 0, 0.517274, -0.602796, 0, -11.2926 )

[node name="Felsen_005" parent="." instance=ExtResource( 6 )]
transform = Transform( 0.145917, 0, 0.826617, 0, 0.839396, 0, -0.826617, 0, 0.145917, 10.1173, -4.76837e-007, -14.4913 )

[node name="Felsen_006" parent="." instance=ExtResource( 6 )]
transform = Transform( 0.500777, 0, -0.673653, 0, 0.839396, 0, 0.673653, 0, 0.500777, 9.53616, -4.76837e-007, -35.8272 )

[node name="Felsen_007" parent="." instance=ExtResource( 6 )]
transform = Transform( 0.779023, 0, -0.312586, 0, 0.839396, 0, 0.312586, 0, 0.779023, -0.864373, -4.76837e-007, -37.7655 )

[node name="Zaun" parent="." instance=ExtResource( 7 )]
transform = Transform( 0.807179, 0, -0.230324, 0, 0.839396, 0, 0.230324, 0, 0.807179, 4.12701, 4.76837e-007, -11.4193 )

[node name="Felsen_008" parent="." instance=ExtResource( 6 )]
transform = Transform( 0.779023, 0, -0.312586, 0, 0.839396, 0, 0.312586, 0, 0.779023, -0.864373, -4.76837e-007, -37.7655 )

[node name="Mauer" parent="." instance=ExtResource( 8 )]
transform = Transform( 0.950137, 0, 0.311834, 0, 1, 0, -0.311834, 0, 0.950137, 4.19997, 0, -38.9525 )

[node name="Mauer2" parent="." instance=ExtResource( 8 )]
transform = Transform( 0.950137, 0, 0.311834, 0, 1, 0, -0.311834, 0, 0.950137, 4.19997, 0, -38.9525 )

[node name="Baum2" parent="." instance=ExtResource( 9 )]
transform = Transform( 0.148153, 0, -0.988964, 0, 1, 0, 0.988964, 0, 0.148153, 6.44445, 0, -9.57837 )

[node name="Baum3" parent="." instance=ExtResource( 9 )]
transform = Transform( -0.921133, 0, -0.389247, 0, 1, 0, 0.389247, 0, -0.921133, 2.92818, 4.76837e-007, -18.0357 )

[node name="Baum4" parent="." instance=ExtResource( 9 )]
transform = Transform( -0.921133, 0, -0.389247, 0, 1, 0, 0.389247, 0, -0.921133, 1.70917, 4.76837e-007, -35.7747 )

[node name="Baum5" parent="." instance=ExtResource( 9 )]
transform = Transform( -0.0530208, 0, 0.998593, 0, 1, 0, -0.998593, 0, -0.0530208, 8.70531, 4.76837e-007, -32.6435 )

[node name="Baum6" parent="." instance=ExtResource( 9 )]
transform = Transform( -0.351187, 0, 0.498176, 0, 0.609518, 0, -0.498176, 0, -0.351187, 9.60893, 5.75605, -26.474 )

[node name="Baum7" parent="." instance=ExtResource( 9 )]
transform = Transform( -0.351187, 0, 0.498176, 0, 0.609518, 0, -0.498176, 0, -0.351187, 0.699492, 5.05077, -14.8779 )

[node name="Baum1" parent="." instance=ExtResource( 10 )]
transform = Transform( 0.497789, 0, 0.867298, 0, 1, 0, -0.867298, 0, 0.497789, -0.89218, 0, -3.75181 )

[node name="Steine_001" parent="." instance=ExtResource( 11 )]
transform = Transform( 1.29059, 0, 0, 0, 1.29059, 0, 0, 0, 1.29059, 0.0859888, -0.00497603, -1.33049 )

[node name="Steine_002" parent="." instance=ExtResource( 11 )]
transform = Transform( 1.29059, 0, 0, 0, 1.29059, 0, 0, 0, 1.29059, 5.04471, -0.00497603, -6.83529 )

[node name="Steine_003" parent="." instance=ExtResource( 11 )]
transform = Transform( 1.29059, 0, 0, 0, 1.29059, 0, 0, 0, 1.29059, 3.44572, -0.00497603, -15.3506 )

[node name="Steine_004" parent="." instance=ExtResource( 11 )]
transform = Transform( 1.29059, 0, 0, 0, 1.29059, 0, 0, 0, 1.29059, 7.34869, -0.00497603, -27.1578 )

[node name="Steine_005" parent="." instance=ExtResource( 11 )]
transform = Transform( 0.971302, 0, -0.849816, 0, 1.29059, 0, 0.849816, 0, 0.971302, 7.82257, -0.00497603, -37.0412 )

[node name="Steine_006" parent="." instance=ExtResource( 11 )]
transform = Transform( 0.31393, 0, -1.25182, 0, 1.29059, 0, 1.25182, 0, 0.31393, 7.20339, -0.00497603, -39.1047 )

[node name="Steine_007" parent="." instance=ExtResource( 11 )]
transform = Transform( 0.31393, 0, -1.25182, 0, 1.29059, 0, 1.25182, 0, 0.31393, 1.13872, -0.00497603, -47.182 )

