[gd_scene load_steps=16 format=2]

[ext_resource path="res://Scripts/MoveTurnBlocks.gd" type="Script" id=1]
[ext_resource path="res://Scenes/Steine/Felsen_002.tscn" type="PackedScene" id=2]
[ext_resource path="res://Scripts/RandomObjectSpawner-Level.gd" type="Script" id=3]
[ext_resource path="res://Scenes/Steine/Felsen_005.tscn" type="PackedScene" id=4]
[ext_resource path="res://Scenes/Steine/Felsen_004.tscn" type="PackedScene" id=5]
[ext_resource path="res://Scripts/ObjSpawner.gd" type="Script" id=6]
[ext_resource path="res://Scenes/Level Blocks Scenes/Block_50.tscn" type="PackedScene" id=7]
[ext_resource path="res://Scenes/Steine/Cliff_001.tscn" type="PackedScene" id=8]
[ext_resource path="res://Scenes/Steine/Cliff_002.tscn" type="PackedScene" id=9]
[ext_resource path="res://Scenes/Steine/Cliff_003.tscn" type="PackedScene" id=10]
[ext_resource path="res://Scenes/Steine/Steinbogen_001.tscn" type="PackedScene" id=11]
[ext_resource path="res://Scenes/Steine/Steine_002.tscn" type="PackedScene" id=12]
[ext_resource path="res://Scenes/Teile/Baum2.tscn" type="PackedScene" id=13]
[ext_resource path="res://Scenes/Teile/Haeuschen.tscn" type="PackedScene" id=14]
[ext_resource path="res://Scenes/Teile/Kaktus.tscn" type="PackedScene" id=15]

[node name="Block_50_01" type="Spatial"]
script = ExtResource( 1 )
blockOffset = 50

[node name="Felsen_002" parent="." instance=ExtResource( 2 )]
transform = Transform( 1.27302, 0, -0.827798, 0, 1.40684, 0, 0.598844, 0, 1.75974, -3.22919, -0.0633545, -41.0126 )
script = ExtResource( 3 )
spawnChance = 20

[node name="Felsen_003" parent="." instance=ExtResource( 2 )]
transform = Transform( 0.883037, 0, -1.90653, 0, 1.63768, 0, 1.37922, 0, 1.22064, -12.3637, -0.0633545, -32.5207 )

[node name="Felsen_004" parent="." instance=ExtResource( 2 )]
transform = Transform( -0.490027, 0, -2.16009, 0, 1.63768, 0, 1.56265, 0, -0.677376, 3.95482, -0.0633545, -28.5759 )

[node name="Felsen_005" parent="." instance=ExtResource( 2 )]
transform = Transform( 1.0854, 0, -0.990418, 0, 1.30055, 0, 0.716487, 0, 1.50037, 7.73162, -0.0633545, -11.0602 )

[node name="Felsen_007" parent="." instance=ExtResource( 2 )]
transform = Transform( 1.0854, 0, -0.990418, 0, 1.30055, 0, 0.716487, 0, 1.50037, -4.63387, -0.0633554, -5.30654 )

[node name="Felsen_006" parent="." instance=ExtResource( 2 )]
transform = Transform( 1.81341, 0, 0.0779233, 0, 1.81428, 0, -0.0563712, 0, 2.50672, -9.27642, -0.0633545, -15.4106 )

[node name="Felsen_008" parent="." instance=ExtResource( 4 )]
transform = Transform( 1.0854, 0, -0.990418, 0, 1.30055, 0, 0.716487, 0, 1.50037, 7.52223, -0.0785289, -16.7609 )

[node name="Felsen_009" parent="." instance=ExtResource( 4 )]
transform = Transform( 1.0854, 0, -0.990418, 0, 1.30055, 0, 0.716487, 0, 1.50037, -10.3583, -0.0519099, -39.6292 )

[node name="Felsen_010" parent="." instance=ExtResource( 4 )]
transform = Transform( -0.805074, 0, -1.41193, 0, 1.30055, 0, 1.02142, 0, -1.11287, -10.698, -0.0519099, -33.9137 )

[node name="Felsen_012" parent="." instance=ExtResource( 5 )]
transform = Transform( 0.497112, 0, -3.19238, 0, 0.968188, 0, 1.04889, 0, -0.0704027, 2.684, -0.269046, -19.5272 )
script = ExtResource( 6 )

[node name="Felsen_011" parent="." instance=ExtResource( 4 )]
transform = Transform( -0.805074, 0, -1.41193, 0, 1.30055, 0, 1.02142, 0, -1.11287, 5.01124, -0.0519099, -42.0676 )

[node name="Felsen_004" parent="Felsen_011" instance=ExtResource( 5 )]
transform = Transform( 0.744445, 0, 2.98023e-007, 0, 0.744445, 0, -2.98023e-008, 0, 0.744445, 11.9393, -0.166956, -8.04741 )

[node name="Felsen_005" parent="Felsen_011" instance=ExtResource( 5 )]
transform = Transform( 0.744445, 0, 4.17233e-007, 0, 0.744445, 0, -5.96046e-008, 0, 0.744445, 25.02, -0.166957, -5.54415 )

[node name="Felsen_006" parent="Felsen_011" instance=ExtResource( 5 )]
transform = Transform( 0.733064, 0, 0.179259, 0, 0.50734, 0, -0.0938123, 0, 0.733064, 6.22147, -0.166957, -2.41997 )

[node name="Block_50" parent="." instance=ExtResource( 7 )]
transform = Transform( 1, 0, 0, 0, 1, 0, 0, 0, 1, -0.257685, -0.0233469, 0.306698 )

[node name="Cliff_001" parent="." instance=ExtResource( 8 )]
transform = Transform( 0.745246, 0, 0.0728199, 0, 0.832658, 0, -0.0809755, 0, 0.828712, -1.85465, 0, -21.9288 )

[node name="Cliff_009" parent="." instance=ExtResource( 8 )]
transform = Transform( 1, 0, 0, 0, 1, 0, 0, 0, 1.38232, 7.50381, 1.90735e-006, -45.4299 )

[node name="Cliff_005" parent="." instance=ExtResource( 8 )]
transform = Transform( 1, 0, 0, 0, 1, 0, 0, 0, 1, -12.254, 0, -18.4002 )

[node name="Cliff_008" parent="." instance=ExtResource( 8 )]
transform = Transform( 1.12627, 0, -0.722497, 0, 1, 0, 0.722497, 0, 1.12627, -9.39627, 9.53674e-007, -46.6924 )

[node name="Cliff_006" parent="." instance=ExtResource( 8 )]
transform = Transform( -0.833647, 0, -0.552298, 0, 1, 0, 0.552298, 0, -0.833647, -13.7499, 0, -24.6629 )

[node name="Cliff_002" parent="." instance=ExtResource( 9 )]
transform = Transform( 0.364462, 0, -0.931218, 0, 1, 0, 0.931218, 0, 0.364462, -8.1135, 0, -7.18436 )

[node name="Cliff_007" parent="." instance=ExtResource( 9 )]
transform = Transform( 0.182574, 0, 0.983192, 0, 1, 0, -0.983192, 0, 0.182574, -13.5563, 1.90735e-006, -33.9534 )

[node name="Cliff_004" parent="." instance=ExtResource( 9 )]
transform = Transform( 0.0795245, 0, -0.996833, 0, 1, 0, 0.996833, 0, 0.0795245, 5.29705, -9.53674e-007, -33.3732 )

[node name="Cliff_003" parent="." instance=ExtResource( 9 )]
transform = Transform( -0.29705, 0, -0.954862, 0, 1, 0, 0.954862, 0, -0.29705, 8.33575, 0, -7.26676 )

[node name="Cliff_003" parent="Cliff_003" instance=ExtResource( 10 )]
transform = Transform( 0.680161, 0, 0.445124, 0, 0.792416, 0, -0.425183, 0, 0.886785, -12.2656, 0, 3.35766 )

[node name="Steinbogen_001" parent="." instance=ExtResource( 11 )]
transform = Transform( 1.12415, 0, 0.107348, 0, 0.778141, 0, -0.121376, 0, 0.994222, 2.51699, 0.259122, -22.1065 )
script = ExtResource( 3 )
spawnChance = 50

[node name="Steine_002" parent="." instance=ExtResource( 12 )]
transform = Transform( 1.29747, 0, 0, 0, 1.29747, 0, 0, 0, 1.29747, -1.27186, -0.016263, -0.978181 )

[node name="Steine_003" parent="." instance=ExtResource( 12 )]
transform = Transform( 1.11732, 0, -0.659565, 0, 1.29747, 0, 0.659565, 0, 1.11732, 4.429, -0.016263, -7.94038 )

[node name="Steine_004" parent="." instance=ExtResource( 12 )]
transform = Transform( 1.11732, 0, -0.659565, 0, 1.29747, 0, 0.659565, 0, 1.11732, -4.81355, -0.016263, -13.3839 )

[node name="Steine_005" parent="." instance=ExtResource( 12 )]
transform = Transform( 0.503475, 0, -1.1958, 0, 1.29747, 0, 1.1958, 0, 0.503475, -9.80643, -0.016263, -28.1218 )

[node name="Steine_006" parent="." instance=ExtResource( 12 )]
transform = Transform( 0.503475, 0, -1.1958, 0, 1.29747, 0, 1.1958, 0, 0.503475, -1.19381, -0.016263, -32.7932 )

[node name="Steine_007" parent="." instance=ExtResource( 12 )]
transform = Transform( -0.390472, 0, -1.23732, 0, 1.29747, 0, 1.23732, 0, -0.390472, -6.50619, -0.016263, -38.2282 )

[node name="Steine_008" parent="." instance=ExtResource( 12 )]
transform = Transform( -0.390472, 0, -1.23732, 0, 1.29747, 0, 1.23732, 0, -0.390472, -1.90749, -0.016263, -47.1211 )

[node name="Steine_009" parent="." instance=ExtResource( 12 )]
transform = Transform( -0.390472, 0, -1.23732, 0, 1.29747, 0, 1.23732, 0, -0.390472, 1.62119, -0.016263, -43.7588 )

[node name="Steine_010" parent="." instance=ExtResource( 12 )]
transform = Transform( -1.01095, 0, -0.813262, 0, 1.29747, 0, 0.813262, 0, -1.01095, 3.99132, -0.0162611, -19.4714 )

[node name="Baum2" parent="." instance=ExtResource( 13 )]
transform = Transform( 0.570472, 0, -0.821317, 0, 1, 0, 0.821317, 0, 0.570472, -4.39382, 0, -8.6842 )

[node name="Baum3" parent="." instance=ExtResource( 13 )]
transform = Transform( 0.570472, 0, -0.821317, 0, 1, 0, 0.821317, 0, 0.570472, 6.61709, 4.76837e-007, -13.9786 )

[node name="Baum4" parent="." instance=ExtResource( 13 )]
transform = Transform( -0.268111, 0, -0.963388, 0, 1, 0, 0.963388, 0, -0.268111, -8.34561, 9.53674e-007, -17.7063 )

[node name="Baum5" parent="." instance=ExtResource( 13 )]
transform = Transform( 0.826968, 0, 0.562248, 0, 1, 0, -0.562248, 0, 0.826968, -10.7212, 9.53674e-007, -29.9994 )

[node name="Baum6" parent="." instance=ExtResource( 13 )]
transform = Transform( 0.65516, 0, -0.75549, 0, 1, 0, 0.75549, 0, 0.65516, 3.30429, 4.76837e-007, -46.5712 )

[node name="Haeuschen" parent="." instance=ExtResource( 14 )]
transform = Transform( 1, 0, 0, 0, 1, 0, 0, 0, 1, -1.90426, 4.8961, -21.4836 )

[node name="Kaktus" parent="." instance=ExtResource( 15 )]
transform = Transform( 0.856864, 0, -0.515542, 0, 1, 0, 0.515542, 0, 0.856864, -2.06827, 9.53674e-007, -18.1242 )

[node name="Kaktus2" parent="." instance=ExtResource( 15 )]
transform = Transform( 0.0685996, 0, 0.997644, 0, 1, 0, -0.997644, 0, 0.0685996, -7.78076, 9.53674e-007, -35.3116 )

[node name="Kaktus3" parent="." instance=ExtResource( 15 )]
transform = Transform( -0.612578, 0, 0.79041, 0, 1, 0, -0.79041, 0, -0.612578, 0.627609, -0.00564575, -36.1952 )

